-5.718850879929959774e-04
-3.819558478426188231e-04
-1.574770314618945122e-03
-6.944083143025636673e-03
-7.307172636501491070e-04
-1.534438109956681728e-03
6.110692047514021397e-04
6.730112363584339619e-04
-6.451134104281663895e-04
-5.849343724548816681e-03
3.949751146137714386e-03
6.362802814692258835e-04
-1.218617544509470463e-03
1.144813955761492252e-03
1.663818256929516792e-03
1.364299911074340343e-03
-5.117923719808459282e-04
8.374236058443784714e-04
7.265775348059833050e-04
-5.604598554782569408e-04
1.756448415108025074e-03
-2.242194022983312607e-03
3.130539262201637030e-04