1.260445453226566315e-02
1.850658096373081207e-02
9.571938775479793549e-03
1.046985946595668793e-02
8.399875834584236145e-03
4.364028573036193848e-03
1.459582615643739700e-02
1.462427154183387756e-02
7.173874881118535995e-03
2.016070671379566193e-02
1.704928837716579437e-02
-3.080185852013528347e-04
-3.055650275200605392e-03
6.795503664761781693e-03
1.650989800691604614e-02
9.670988656580448151e-03
9.341555647552013397e-03
7.455277256667613983e-03
1.481216680258512497e-02
1.063811220228672028e-02
1.057894341647624969e-02
2.129331696778535843e-03
2.161466144025325775e-02
-5.423044785857200623e-03
2.204352617263793945e-02
2.093875594437122345e-02
8.059538900852203369e-03
1.953133614733815193e-03
1.169487554579973221e-02
6.510107312351465225e-03
1.055114716291427612e-02
1.972324028611183167e-02
9.566122666001319885e-03
3.969421610236167908e-03
1.361412648111581802e-02
1.580320112407207489e-02
1.348354620859026909e-03
1.221687253564596176e-02
1.225074008107185364e-02
1.877815462648868561e-02
2.055075764656066895e-02
1.201201975345611572e-02
9.773178957402706146e-03
8.882809430360794067e-03
1.114222314208745956e-02
6.090861745178699493e-03
7.744939997792243958e-03
1.247756462544202805e-02
1.013611350208520889e-02
9.584006853401660919e-03
1.781751774251461029e-02
8.258021436631679535e-03
1.619994640350341797e-02
9.725310839712619781e-03
7.807848043739795685e-03
1.971604861319065094e-02
-2.118550939485430717e-03
9.102087467908859253e-03
9.167697280645370483e-03
9.144956246018409729e-03
2.941746264696121216e-03
-1.778189674951136112e-03
3.891749307513237000e-03
4.445475991815328598e-03
1.759828813374042511e-02
1.407554280012845993e-02
1.468956284224987030e-02
7.215046789497137070e-03
2.027046121656894684e-02
4.815894179046154022e-03
8.981703780591487885e-03
7.647109217941761017e-03
1.158338412642478943e-02
1.933992467820644379e-02
1.376538909971714020e-02
1.390591263771057129e-02
1.014951709657907486e-02
1.669049449265003204e-02
2.423068508505821228e-02
-6.640201900154352188e-03
7.476592902094125748e-03
9.017531760036945343e-03
2.360770246013998985e-03
2.578771673142910004e-02
1.765655912458896637e-02
9.474658407270908356e-03
8.718722499907016754e-03
1.681092940270900726e-02
1.171723566949367523e-02
7.960298098623752594e-03
1.309535186737775803e-02
1.391328684985637665e-02
1.464203558862209320e-02
1.120375841856002808e-02
3.314064349979162216e-03
6.761474069207906723e-03
8.489702828228473663e-03
1.171098835766315460e-02
4.990685731172561646e-03
1.632639952003955841e-02
1.089018583297729492e-02
8.793831802904605865e-03
8.126867469400167465e-04
1.707358285784721375e-02
1.722705923020839691e-02
1.146831456571817398e-02
2.302824333310127258e-02
6.165768485516309738e-03
1.428059581667184830e-02
7.952842861413955688e-03
1.387189887464046478e-02
3.368465695530176163e-03
1.570966909639537334e-03
4.074931144714355469e-03
2.445269841700792313e-03
1.054126676172018051e-02
9.145243093371391296e-03
1.486262865364551544e-02
1.598678529262542725e-02
8.882306516170501709e-03
8.446332067251205444e-03
7.784414570778608322e-03
6.900290958583354950e-03
1.221761014312505722e-02
2.078797668218612671e-02
-1.353850355371832848e-03
3.368854988366365433e-03
1.294120331294834614e-03
1.196741312742233276e-02
1.414503715932369232e-02
1.276961527764797211e-02
7.327073719352483749e-03
5.437017418444156647e-03
1.250939629971981049e-02
1.044060941785573959e-02
1.212645135819911957e-02
2.159192599356174469e-02
1.285585295408964157e-02
1.148163527250289917e-02
6.297906395047903061e-03
1.693184673786163330e-02
1.480583567172288895e-02
7.645727600902318954e-03
1.056502293795347214e-02
-4.197610076516866684e-03
6.260148249566555023e-03
9.568678215146064758e-03
2.289450494572520256e-03
5.369135644286870956e-03
6.022446323186159134e-03
-7.083262316882610321e-03
1.318882592022418976e-02
2.697689225897192955e-03
1.010284945368766785e-02
1.264391187578439713e-02
4.588657990097999573e-03
2.896102145314216614e-03
9.795607766136527061e-04
1.352628692984580994e-02
7.251785136759281158e-03
-1.138214021921157837e-03
1.250635273754596710e-02
1.036440301686525345e-02
2.262432873249053955e-02
5.079400725662708282e-03
1.610212028026580811e-02
-1.811463735066354275e-03
2.361877355724573135e-03
1.924181543290615082e-02
1.492127124220132828e-02
8.553985506296157837e-03
1.920602470636367798e-02
1.335747423581779003e-03
2.202589251101016998e-02
5.866810213774442673e-03
1.531574875116348267e-02
1.354337669909000397e-02
2.495299791917204857e-03
9.530503302812576294e-03
4.924894310534000397e-03
1.113749388605356216e-02
1.380730234086513519e-02
1.649278961122035980e-02
1.627051271498203278e-02
1.681117573752999306e-04
2.460566163063049316e-02
1.078848354518413544e-02
-6.659872597083449364e-04
5.931211169809103012e-03
2.051013521850109100e-02
1.282946299761533737e-02
8.310115896165370941e-03
1.398745458573102951e-02
1.090746093541383743e-02
1.004375517368316650e-02
1.701803132891654968e-02
2.238760702311992645e-03
1.699209958314895630e-02
3.876427188515663147e-03
8.886628784239292145e-03
1.341936271637678146e-02
-4.630789335351437330e-04
9.852999821305274963e-03
8.527998812496662140e-03
7.590181194245815277e-03
8.400247432291507721e-03
1.006731204688549042e-02
1.413132250308990479e-02
1.091730035841464996e-02
1.598706655204296112e-02
2.881352789700031281e-03
2.164266631007194519e-02
1.008030399680137634e-02
9.832625277340412140e-03
1.001678872853517532e-02
7.866187952458858490e-03
1.913769356906414032e-02
1.079559675417840481e-03
1.690143533051013947e-02
1.229357905685901642e-02
6.231652107089757919e-03
1.322895195335149765e-02
9.244297398254275322e-04
1.247287075966596603e-02
-3.204626729711890221e-03
4.357944708317518234e-03
8.310090750455856323e-03
1.583250798285007477e-02
1.171597652137279510e-02
8.774194866418838501e-03
-1.023509888909757137e-03
1.848793216049671173e-02
6.966576445847749710e-03
6.522145587950944901e-03
2.293281955644488335e-03
3.521279897540807724e-03
9.444528259336948395e-03
9.351128712296485901e-03
1.047733891755342484e-02
1.816707430407404900e-03
1.221261080354452133e-02
-4.292406141757965088e-03
1.259102392941713333e-02
5.244784522801637650e-03
1.499054674059152603e-02
5.907644052058458328e-03
1.259745750576257706e-02
1.208754442632198334e-02
1.457757898606359959e-03
1.915732957422733307e-02
1.443475205451250076e-02
1.051112636923789978e-02
7.048963569104671478e-03
6.493190769106149673e-03
2.301465161144733429e-02
8.589038625359535217e-03