2.755104191601276398e-02
1.454309374094009399e-02
2.291418239474296570e-02
2.685423567891120911e-02
2.648943103849887848e-02
-1.180422375909984112e-03
7.350930478423833847e-03
2.455754764378070831e-02
3.127200761809945107e-03
2.444690465927124023e-02
1.900316961109638214e-02
1.072048116475343704e-02
4.082346335053443909e-02
1.981825754046440125e-02
1.699973642826080322e-02
1.844275556504726410e-02
-2.050937153398990631e-03
2.523061633110046387e-02
9.055381640791893005e-03
2.895140461623668671e-02
2.419603057205677032e-02
2.504627592861652374e-02
1.640527881681919098e-02
2.014244720339775085e-02
1.559466496109962463e-02
2.446091361343860626e-02
1.309943385422229767e-02
1.234703790396451950e-02
8.147710002958774567e-03
-2.551469951868057251e-03
7.740266155451536179e-03
9.748598560690879822e-03
1.520236488431692123e-02
2.301422879099845886e-02
1.193498168140649796e-02
2.100880816578865051e-02
-1.262617995962500572e-03
2.103138528764247894e-02
2.700710296630859375e-02
2.166753821074962616e-02
9.897940792143344879e-03
6.143971346318721771e-03
1.775408722460269928e-02
2.254711277782917023e-02
2.405305020511150360e-02
1.645922288298606873e-02
2.575831115245819092e-02
9.284162893891334534e-03
2.149295061826705933e-02
8.084630593657493591e-03
3.492160700261592865e-03
3.901674598455429077e-02
3.979263827204704285e-02
2.205021446570754051e-03
3.269667213317006826e-04
4.520845040678977966e-02
1.136111002415418625e-02
3.197288513183593750e-02
3.745362395420670509e-03
-1.909216516651213169e-03
7.448998745530843735e-03
1.506870426237583160e-02
1.230625249445438385e-02
2.770658396184444427e-02
1.549821626394987106e-02
1.546003483235836029e-02
1.875676214694976807e-02
6.039009429514408112e-03
2.780361287295818329e-02
1.649686321616172791e-02
1.049571111798286438e-02
1.495241187512874603e-02
2.474082820117473602e-02
1.461452711373567581e-02
4.012883873656392097e-04
1.805048063397407532e-02
2.708504721522331238e-02
2.056867070496082306e-02
2.569675259292125702e-02
1.008357200771570206e-02
-6.489211693406105042e-03
1.554657146334648132e-02
1.837116293609142303e-02
2.657030895352363586e-02
1.978808641433715820e-02
5.999935092404484749e-04
-4.829535260796546936e-03
3.111790306866168976e-02
1.071877218782901764e-02
1.446456648409366608e-02
7.329418323934078217e-03
2.705046907067298889e-02
-1.206581015139818192e-02
2.571864798665046692e-02
-1.541808829642832279e-03
1.478582900017499924e-02
4.530637059360742569e-03
9.349877946078777313e-03
1.459251809865236282e-02
1.716916635632514954e-02
5.209949333220720291e-03
2.135071903467178345e-02
1.230919733643531799e-02
2.055004984140396118e-02
1.910966262221336365e-02
2.188073284924030304e-02
6.116599310189485550e-03
1.316972635686397552e-02
2.388522215187549591e-02
9.584288112819194794e-03
3.111762180924415588e-02
1.012021303176879883e-02
1.296023465692996979e-02
1.573661155998706818e-02
7.490908727049827576e-03
1.279198471456766129e-02
7.558345794677734375e-03
-1.585270860232412815e-03
2.147785155102610588e-03
3.415039181709289551e-02
-7.543922984041273594e-04
2.840299345552921295e-02
2.591382339596748352e-02
1.039801631122827530e-03
2.411903999745845795e-02
1.239776238799095154e-02
1.892849430441856384e-02
2.627202868461608887e-02
1.995893381536006927e-02
1.393535733222961426e-02
1.092777214944362640e-02
1.498022489249706268e-02
1.208028849214315414e-02
1.115179527550935745e-02
2.033104188740253448e-02
3.077424131333827972e-02
1.474880333989858627e-02
8.233704604208469391e-03
1.562889292836189270e-02
8.611346594989299774e-03
4.745696787722408772e-04
1.930126547813415527e-02
1.231911964714527130e-02
6.004383321851491928e-03
1.490966998971998692e-03
2.347575873136520386e-02
1.878013648092746735e-02
5.379339214414358139e-03
2.680168114602565765e-02
1.945038884878158569e-02
1.752378232777118683e-02
2.003428712487220764e-02
2.124584279954433441e-02
2.477037720382213593e-02
3.245089668780565262e-03
3.388490062206983566e-03
2.936255186796188354e-02
1.681897416710853577e-02
1.259745843708515167e-02
1.513965521007776260e-02
2.292639017105102539e-02
1.596472971141338348e-02
1.731631159782409668e-02
3.795911034103482962e-04
1.821855828166007996e-02
1.254309248179197311e-02
2.288104780018329620e-02
6.999607663601636887e-03
7.875043898820877075e-03
3.432729048654437065e-03
-1.026098616421222687e-02
-2.250208752229809761e-03
3.483420703560113907e-03
2.777154929935932159e-02
3.072967939078807831e-02
1.498184865340590477e-04
2.631313167512416840e-03
9.596327319741249084e-03
3.490078449249267578e-02
5.849685985594987869e-03
3.045191057026386261e-03
-1.159454230219125748e-02
2.239388599991798401e-02
1.856012456119060516e-02
1.637691631913185120e-02
2.134241163730621338e-02
3.298390889540314674e-03
9.894905611872673035e-03
4.384860396385192871e-03
2.615251205861568451e-02
7.458013482391834259e-03
1.880574040114879608e-02
2.122223936021327972e-02
4.459231719374656677e-02
1.200224738568067551e-02
1.512542366981506348e-02
1.766144484281539917e-02
8.151870220899581909e-03
1.774273812770843506e-02
1.668126881122589111e-02
1.238368358463048935e-02
1.803863979876041412e-02
8.747292682528495789e-03
1.587723381817340851e-02
8.097363635897636414e-03
6.690871901810169220e-03
1.120161637663841248e-02
2.020364068448543549e-02
-5.029502324759960175e-03
3.905121237039566040e-02
1.320006418973207474e-02
8.713772520422935486e-03
2.772298268973827362e-02
7.981105707585811615e-03
2.095901966094970703e-02
2.233279496431350708e-02
1.093554496765136719e-02
1.498797559179365635e-03
8.904118090867996216e-03
-1.303082564845681190e-03
-1.324946898967027664e-02
1.348531153053045273e-02
1.938433386385440826e-02
1.473853923380374908e-02
2.574164979159832001e-02
2.116668783128261566e-02
1.308480277657508850e-02
1.102657057344913483e-02
2.182592265307903290e-02
2.052133157849311829e-02
1.188288815319538116e-02
-2.645620610564947128e-03
1.161413546651601791e-02
2.338872663676738739e-02
1.664591208100318909e-02
2.206171862781047821e-02
1.983442157506942749e-02
2.767979458440095186e-04
8.655645884573459625e-03
1.076613366603851318e-02
3.845918551087379456e-02
5.102111026644706726e-03
7.679468952119350433e-03
7.542347535490989685e-03
8.426198735833168030e-03
-2.198271919041872025e-03
1.958448998630046844e-02
1.378169283270835876e-02
6.536098197102546692e-03
2.082979679107666016e-02
1.972801797091960907e-02
2.645512111485004425e-02
2.716650441288948059e-02
-5.670097307302057743e-04
2.526789344847202301e-02
3.486723452806472778e-02