5.031550524010682812e-01
9.847397997495282995e-01
-7.721532797044720724e-03
-2.197044609229513099e-02
-1.984484014595367524e-02
9.765322917456201179e-02
7.520133686159322095e-02
-5.930583688582889701e-02
2.303244142223254132e-01
-2.856536250163300636e-02
-7.790705746273487216e-04
-1.260184780490073986e-01
-4.975341323117678932e-02
-4.052483643215377129e-01
3.807521808559196641e-01
1.105237747846045671e-01
1.434558600038772676e-02
2.037476572511517578e-02
5.521091325910945473e-03
2.254276880336173600e-02
-1.827063235638539673e-01
5.725699511667903946e-02
1.553274573172044759e+00
-2.981906032897775338e-01
1.451671272539727664e-01
2.733679405945089319e-03
-1.556298189074011962e+00
3.686908141968954222e-01
7.836061081058581790e-01
-2.476123560853868769e-02
-8.636629574455974290e-02
1.744828089368729088e-02
-3.633410242890055403e-02
3.778506603080882681e-02
-5.288402376927765249e-03
1.532992634662219689e-02
8.504596351413809194e-03
4.196255960343483332e-02
-2.558844364169956739e-02
2.718102646262379567e-03
-1.435978711446673703e-02
-1.812063117230314256e-03
2.694951092827709699e-02
1.240316538176907887e-02
-3.134684850279979146e-02
2.066664450193800295e-02
-1.425767992839408957e-02
2.742729981459950377e-03
-1.158154685223768306e-02
-2.530329728930180710e-02
2.145822883710138407e-02
-2.745625085498025475e-02
-2.713705888831354981e-02
1.165086510561926837e-02
-1.584286025565048370e-02
3.745265501383714113e-02
3.697215940105241794e-02
9.178576736741087538e-01