8.097925754634065221e-02
1.563786328669810721e-03
6.461944187365452862e-03
9.530447503095427347e-03
1.179520853451809966e-02
7.676694099836712214e-03
1.434675018241397468e-02
2.445545559909487465e-01
2.902854966082093480e-01
8.164863662436681879e-02
7.390527422870417536e-03
7.312060747910013869e-03
2.950007839308292287e-02
3.135556937292001134e-01
3.717372891656627876e-01
6.333778259699732183e-02
3.200653120054184481e-02
9.927891619348101770e-03
3.586388196702117951e-03
5.830896675989656955e-03
1.233980376546870705e-01
4.240275448271530606e-02
1.206911714687599994e-02
5.261858943143627593e-02
1.252276516035199516e-01
6.020659358116554200e-02
1.037365197788639275e-02
4.907085945398226984e-02
1.750875450871700600e-01
1.356256959942389317e-01
1.877231943536570025e-01
5.626855851523130392e-01
1.018446296517279803e+00
9.305665011626387262e-01
1.786470707373889466e+00
1.139638441163065785e+00
7.421974328054530723e+00
9.348901678711618146e+00
4.128560715081098564e+00
1.678356796022178576e+00
1.914024094783012719e+00
1.820819955770830889e+00
1.030430305705858096e+01
1.497492104311521821e+01
3.415106554194121458e+00
2.374898898402663772e+00
1.358919308057257025e+00
1.367568687652639614e+00
1.224511216487272014e+00
4.274038035910018962e+00
2.921995814378272716e+00
2.401576713911585337e+00
6.226952223709631085e+00
4.996551297829773475e+00
3.299729373350067885e+00
2.082089143260442032e+00
6.367594977232863052e+00
6.251659539317694358e-03