-4.653052426874637604e-03
-3.617826150730252266e-03
3.038776805624365807e-03
1.056285691447556019e-03
-1.480288151651620865e-02
-4.041529726237058640e-03
5.954149179160594940e-03
-2.585139591246843338e-03
-1.710920012556016445e-03
-4.189525730907917023e-03
-6.712908856570720673e-03
8.192096720449626446e-04
1.143326051533222198e-03
-3.423525718972086906e-03
-2.322608088434208184e-05
3.762461128644645214e-04
1.108314841985702515e-03
5.450251628644764423e-04
4.502389638219028711e-04
4.680789061239920557e-05
2.011814154684543610e-03
1.008750172331929207e-03
-6.845451425760984421e-04