3.705796226859092712e-02
5.431310739368200302e-03
8.275491185486316681e-03
1.455935742706060410e-02
3.715429222211241722e-03
3.851950913667678833e-02
9.517221711575984955e-03
1.912330836057662964e-02
2.786375954747200012e-02
2.283537574112415314e-02
2.556524239480495453e-02
2.348369173705577850e-02
1.502920780330896378e-02
1.426978874951601028e-02
4.037219565361738205e-03
2.757488936185836792e-02
4.181596450507640839e-03
2.169862389564514160e-02
2.550394833087921143e-02
2.223247848451137543e-02
6.424603052437305450e-03
1.390690449625253677e-02
7.873659022152423859e-03
2.654685825109481812e-02
2.764216251671314240e-02
1.936229877173900604e-02
1.065397821366786957e-02
3.522559627890586853e-02
4.656874574720859528e-03
2.237011864781379700e-02
4.192383028566837311e-03
2.771192602813243866e-02
9.274189360439777374e-04
1.678587496280670166e-02
3.085240535438060760e-02
9.746478870511054993e-03
2.474489249289035797e-02
2.745452895760536194e-02
1.551948767155408859e-02
1.474483963102102280e-02
-4.549403209239244461e-03
3.628401085734367371e-03
1.186319161206483841e-02
6.252132821828126907e-03
8.377769030630588531e-03
3.217740729451179504e-02
3.162775188684463501e-02
3.897450398653745651e-03
1.615834608674049377e-02
2.226821891963481903e-02
4.701213445514440536e-03
1.606874726712703705e-02
1.890244334936141968e-02
1.198457181453704834e-02
1.154605019837617874e-02
-2.056757919490337372e-03
1.496238727122545242e-02
9.575624950230121613e-03
-1.427997485734522343e-03
1.939106918871402740e-02
3.837073221802711487e-02
1.703872531652450562e-02
1.335178501904010773e-02
1.310049183666706085e-02
7.603730075061321259e-03
2.064988017082214355e-02
1.770381629467010498e-02
2.338626608252525330e-02
2.738410979509353638e-02
-4.587935749441385269e-03
2.540685003623366356e-03
3.198112547397613525e-02
2.348436415195465088e-02
3.272923454642295837e-02
7.085463497787714005e-03
3.028491698205471039e-02
3.164727985858917236e-02
2.562624961137771606e-02
7.604319602251052856e-03
1.715551316738128662e-02
2.757924981415271759e-02
7.530663628131151199e-03
1.323270052671432495e-02
6.614141631871461868e-03
3.626071661710739136e-02
1.914857514202594757e-02
2.344672195613384247e-02
2.292615920305252075e-02
2.492441795766353607e-02
1.493373699486255646e-02
1.471224520355463028e-02
2.040943317115306854e-02
2.167406678199768066e-02
8.810394443571567535e-03
1.424186863005161285e-02
1.710390299558639526e-02
2.881960198283195496e-02
8.454669266939163208e-03
1.177629828453063965e-02
2.564004063606262207e-02
3.190729068592190742e-03
2.721421048045158386e-02
1.009531319141387939e-02
3.577871946617960930e-03
2.144468575716018677e-02
1.908995956182479858e-02
3.077750466763973236e-02
1.113895233720541000e-02
9.679363109171390533e-03
3.407986089587211609e-02
3.592268750071525574e-02
8.795440196990966797e-03
1.243782695382833481e-02
3.248293697834014893e-02
2.710021100938320160e-02
1.914589665830135345e-02
8.032345212996006012e-03
-7.597755175083875656e-03
9.779320098459720612e-03
2.253273688256740570e-02
2.316486276686191559e-02
2.966650202870368958e-02
1.726952753961086273e-02
2.282924950122833252e-02
5.855259951204061508e-03
2.911754883825778961e-02
2.513615228235721588e-02
2.196010015904903412e-02
2.676725201308727264e-02
1.035824045538902283e-02
1.241779769770801067e-03
-3.564413418644107878e-05
2.934623695909976959e-02
1.547323167324066162e-02
2.014106372371315956e-03
2.631041686981916428e-03
1.321039069443941116e-02
2.412911970168352127e-03
2.665015170350670815e-03
2.051305957138538361e-02
3.592177294194698334e-03
9.754559956490993500e-03
1.473231706768274307e-02
1.746410503983497620e-02
2.127652056515216827e-03
1.388835161924362183e-02
1.512515265494585037e-02
1.629878208041191101e-02
2.044331282377243042e-02
2.891937270760536194e-02
9.967494755983352661e-03
8.414349518716335297e-03
1.802017353475093842e-02
3.106283769011497498e-02
9.143657051026821136e-03
2.504311688244342804e-02
9.812457486987113953e-03
5.409018602222204208e-03
1.468830555677413940e-02
2.447043359279632568e-02
2.147163078188896179e-02
2.046441845595836639e-02
6.247989367693662643e-03
2.166118100285530090e-02
3.030340746045112610e-02
4.382557701319456100e-03
6.475399248301982880e-03
2.323863655328750610e-02
2.289423160254955292e-02
-7.400750764645636082e-04
2.615443058311939240e-02
1.000075973570346832e-02
1.694536022841930389e-02
1.885885745286941528e-02
1.661352231167256832e-03
3.434146568179130554e-02
1.342347264289855957e-02
2.155799046158790588e-02
9.767772629857063293e-03
2.037897333502769470e-02
2.115602046251296997e-02
-9.444412426091730595e-04
4.259571433067321777e-03
2.353897504508495331e-02
4.787062760442495346e-03
7.920333184301853180e-03
5.487454123795032501e-03
1.295735314488410950e-02
4.116980417165905237e-04
6.951090414077043533e-03
1.577717810869216919e-02
1.932412572205066681e-02
1.649457961320877075e-02
1.636523008346557617e-02
1.705847866833209991e-02
2.787346579134464264e-02
3.372805938124656677e-02
1.968193612992763519e-02
2.763574942946434021e-02
2.834254130721092224e-02
3.133361041545867920e-02
2.122109942138195038e-02
6.350093521177768707e-03
2.021166682243347168e-02
1.831861771643161774e-02
1.013938151299953461e-02
-5.099087138660252094e-05
1.374892145395278931e-02
9.734093211591243744e-03
-3.027025144547224045e-03
2.204109355807304382e-02
2.250533923506736755e-02
2.633515372872352600e-02
2.782720141112804413e-02
5.405859556049108505e-03
3.555759415030479431e-02
3.055899776518344879e-02
7.613819558173418045e-03
1.158482115715742111e-02
1.955282874405384064e-02
1.584202982485294342e-02
2.638101950287818909e-02
1.230048574507236481e-02
7.603247184306383133e-03
1.812483370304107666e-02
8.911793120205402374e-03
1.274757552891969681e-02
1.891645044088363647e-02
1.218368113040924072e-02
2.568039484322071075e-02
2.566613256931304932e-02
2.215541712939739227e-02
1.653798297047615051e-02
2.787686511874198914e-02
1.802166923880577087e-02
2.399039454758167267e-02
-3.111722413450479507e-03
9.385467506945133209e-03
2.288440987467765808e-02
1.744385436177253723e-02
1.055131480097770691e-02
6.237252149730920792e-03
1.341851241886615753e-02
1.270129531621932983e-02
1.806450448930263519e-02
1.018520537763834000e-02
1.135389693081378937e-02
1.941595599055290222e-02
1.230496913194656372e-02
2.285873331129550934e-02
2.000975422561168671e-02
3.931995015591382980e-03
3.420789167284965515e-02
1.973972097039222717e-02
6.845041643828153610e-03
1.365955360233783722e-02