-9.410619735717773438e-03
1.243901718407869339e-02
2.345133572816848755e-02
1.467053499072790146e-02
2.270590141415596008e-02
2.065390814095735550e-03
1.951445825397968292e-02
1.973803155124187469e-02
1.792764104902744293e-02
5.092026200145483017e-03
9.703225456178188324e-03
2.419806271791458130e-02
2.729489095509052277e-02
2.034121192991733551e-02
5.807299632579088211e-03
3.480928018689155579e-02
1.625938341021537781e-02
-1.346020121127367020e-02
1.471915841102600098e-02
2.945853769779205322e-02
2.384926192462444305e-02
1.604422141099348664e-04
9.873984381556510925e-03
2.635581232607364655e-02
6.764290854334831238e-03
2.859885990619659424e-02
1.406392734497785568e-02
2.646319754421710968e-02
3.042315691709518433e-02
9.578871540725231171e-03
3.321460261940956116e-02
1.812045648694038391e-02
6.159120239317417145e-03
4.393166862428188324e-03
8.162233978509902954e-03
7.927099242806434631e-03
2.959360368549823761e-02
-1.119644963182508945e-03
-2.834655344486236572e-03
1.641620136797428131e-02
4.648855701088905334e-02
2.064603753387928009e-02
1.456813979893922806e-02
2.618892304599285126e-02
-4.071172326803207397e-03
2.694675326347351074e-02
2.811279147863388062e-02
1.911302283406257629e-02
2.090414427220821381e-02
-8.480412885546684265e-03
1.176919881254434586e-02
4.458466917276382446e-02
1.348011754453182220e-02
-1.310921367257833481e-02
-6.973818410187959671e-03
7.140530738979578018e-03
6.329077295958995819e-03
2.527743391692638397e-02
2.629637531936168671e-02
8.159692515619099140e-04
3.212653845548629761e-02
3.827406838536262512e-02
4.051981959491968155e-03
2.221896499395370483e-02
1.753358170390129089e-02
1.939733698964118958e-02
-6.679334677755832672e-03
1.901614107191562653e-02
5.030154134146869183e-04
1.965489424765110016e-02
2.794349379837512970e-02
3.170626237988471985e-02
2.040255255997180939e-02
7.485710084438323975e-03
2.372078411281108856e-02
3.390306606888771057e-02
2.941685914993286133e-02
-1.395434373989701271e-03
2.063206396996974945e-03
2.276198565959930420e-02
4.321871325373649597e-03
1.694920286536216736e-02
1.523132529109716415e-02
1.300214882940053940e-02
6.142378784716129303e-03
5.988300312310457230e-03
1.621990348212420940e-03
1.276837289333343506e-02
1.898771338164806366e-02
1.423785369843244553e-02
9.725899435579776764e-03
2.312586456537246704e-02
-4.396968055516481400e-03
1.476858928799629211e-02
1.465423870831727982e-02
2.006303332746028900e-02
2.117988280951976776e-02
1.194104645401239395e-02
2.011224813759326935e-02
1.662464626133441925e-02
3.423724323511123657e-03
8.063582703471183777e-03
-7.071127649396657944e-03
2.401376515626907349e-02
1.267964858561754227e-02
1.245196256786584854e-02
1.620669662952423096e-02
2.202674187719821930e-02
9.304439648985862732e-03
9.443066082894802094e-03
1.801390387117862701e-02
1.639653369784355164e-02
5.249537527561187744e-03
2.797533757984638214e-02
9.019336663186550140e-03
1.116237230598926544e-02
3.086416237056255341e-02
9.176510386168956757e-03
3.041674196720123291e-02
1.232097204774618149e-02
9.283655323088169098e-03
1.089108921587467194e-02
1.667689718306064606e-02
2.567288232967257500e-03
-3.580633085221052170e-03
2.859745733439922333e-02
3.270382061600685120e-02
1.128145121037960052e-02
1.785321533679962158e-02
1.936757005751132965e-02
1.415957231074571609e-02
3.589958883821964264e-03
8.706043008714914322e-04
2.102231979370117188e-02
-1.768354326486587524e-03
3.333140164613723755e-03
3.716351836919784546e-02
2.281362377107143402e-02
5.546856671571731567e-03
9.385821409523487091e-03
3.113452345132827759e-02
1.320464257150888443e-02
4.450070671737194061e-03
-1.625344716012477875e-02
1.514837238937616348e-02
2.478274144232273102e-02
1.769356988370418549e-02
1.551671978086233139e-02
6.200330331921577454e-03
3.211725130677223206e-02
-1.770776114426553249e-03
1.500014215707778931e-02
5.501245148479938507e-03
7.878178730607032776e-03
6.396733224391937256e-03
6.902840686962008476e-04
1.749261654913425446e-02
1.881791837513446808e-02
-9.606386534869670868e-03
1.805044338107109070e-02
2.722083963453769684e-02
1.049228943884372711e-02
1.568871363997459412e-02
3.470364958047866821e-02
4.376624245196580887e-03
1.075115706771612167e-02
4.937927704304456711e-03
3.375666588544845581e-02
2.501023374497890472e-02
8.758871816098690033e-03
1.274293754249811172e-02
2.071274444460868835e-02
2.108820527791976929e-02
4.436184652149677277e-03
1.708208955824375153e-02
1.532788272015750408e-03
1.341656502336263657e-02
1.714809238910675049e-02
9.622290730476379395e-03
9.253265336155891418e-03
1.381807122379541397e-02
1.524188555777072906e-03
1.528682000935077667e-02
1.745206117630004883e-02
2.235872484743595123e-02
1.746966689825057983e-02
1.264400873333215714e-02
2.588972449302673340e-02
2.844663709402084351e-02
4.006167128682136536e-02
1.539830118417739868e-02
7.848635315895080566e-03
3.745980188250541687e-02
1.577852107584476471e-02
6.832351908087730408e-03
2.248040027916431427e-02
1.534787658601999283e-02
3.255294263362884521e-02
1.395424455404281616e-02
1.485790126025676727e-02
3.922975622117519379e-03
1.646899059414863586e-02
1.708145625889301300e-02
3.594300523400306702e-02
4.932461772114038467e-03
3.583232173696160316e-03
2.045989967882633209e-02
2.721874602138996124e-02
1.716749928891658783e-02
1.554543338716030121e-02
4.996759817004203796e-03
2.413612604141235352e-02
2.388111315667629242e-02
2.191585861146450043e-02
9.830118156969547272e-03
1.472425460815429688e-02
3.209922835230827332e-02
9.663358330726623535e-03
1.024634949862957001e-02
5.591763183474540710e-03
2.058554999530315399e-02
3.073036484420299530e-02
1.317072287201881409e-02
3.338297829031944275e-02
1.701066270470619202e-02
1.519081089645624161e-02
5.735035054385662079e-03
2.068318985402584076e-02
2.970405109226703644e-02
3.276508999988436699e-03
5.782464519143104553e-03
3.320315107703208923e-02
1.969404146075248718e-02
1.730508171021938324e-02
1.064701098948717117e-02
2.159691229462623596e-02
-9.832422947511076927e-04
1.975947804749011993e-02
1.202388014644384384e-02
2.038471400737762451e-02
3.617294365540146828e-03
4.419614002108573914e-02
1.689606532454490662e-02
1.029275171458721161e-02
2.250777743756771088e-02
1.494443044066429138e-02
-6.313417106866836548e-03
-3.664460731670260429e-03
5.572135341935791075e-05
1.551113277673721313e-02
2.356274239718914032e-02
2.683487022295594215e-03
2.137967385351657867e-02
2.350551635026931763e-02
2.745075523853302002e-02
2.180511504411697388e-02