8.341588582735370849e-02
5.383077189579706101e-03
1.401867123298362536e-02
1.182858636099724109e-02
4.959951817821375147e-02
7.397987446413337685e-03
1.373061602387552586e-02
1.624014061250341756e-01
1.362570364137155876e-01
5.303125876459425375e-02
2.180147301257008910e-02
7.581008200709021642e-03
1.367324342087051711e-02
1.560299326853315516e-01
1.352262343847748793e-01
5.629320277701103936e-02
2.095890379022528199e-02
6.754970302039255484e-03
4.304813835298931801e-03
5.319155528529980956e-03
8.301204094642473941e-02
3.837431137553748428e-02
7.183854758685513653e-03
4.206643180112556307e-02
9.181430170652550571e-02
3.661378705668064809e-02
7.796700470588265562e-03
4.314786182352910171e-02
2.252887774061135273e-01
2.651410018341905928e-01
2.935831013048144644e-01
2.092217259877427349e+00
2.480923840327784902e+00
3.084266814734215156e+00
6.246263904145991752e+00
4.060725549650548771e+00
6.270412001638222321e+00
9.255571694129843152e+00
1.118023156362306914e+01
8.552245004321985533e+00
6.278393074632228732e+00
4.192384492402218221e+00
6.127750577001224386e+00
9.374005733016561592e+00
1.086181063279621739e+01
9.353940008682391394e+00
4.780172483441217146e+00
5.766170889458240190e+00
4.555054353726078809e+00
7.871379601583965879e+00
7.850207149422200992e+00
7.965018056204837826e+00
1.066329372139975717e+01
8.463606433710925359e+00
7.678576599752079623e+00
7.527408890734330171e+00
1.035509713189036418e+01
9.940901763811779701e-03
8.023914425775791059e-02