5.008431768294323572e-01
9.583987207141374531e-01
2.580121282811873203e-03
-2.364092949611512617e-02
8.745776457235102455e-03
1.284764956339453368e-01
4.642090774463344949e-02
-2.448718641387664374e-01
4.099479784240814273e-01
-1.922776888248356186e-01
-1.542060857704473723e-02
-1.283990312176948589e-01
-6.382392998967011122e-02
-2.638624852608860705e-01
4.496625114547372348e-01
-1.951309996328149943e-01
1.033918566992796453e-03
-3.315054532667094356e-04
5.311818604616352045e-03
-6.737150725585437996e-03
-1.877561310741948930e-01
5.270519408987755366e-02
1.571044075967574560e+00
-3.316748384518901083e-01
1.708521596518638996e-01
-4.512030963490451518e-02
-1.585392751293631664e+00
3.407970393527087194e-01
4.190469490770601380e-01
6.041942754711860514e-03
-1.392311139560602484e-01
2.165614847459645595e-03
-4.252106125871373682e-02
5.718881940427065526e-03
2.492342513295799783e-02
1.696540681803970774e-02
-3.109733675330910926e-02
5.251476307455007347e-02
-8.171946203754373861e-02
-8.584181226897054720e-03
-2.377622177688235028e-02
-1.954526741674333587e-02
-2.731692069915930832e-02
6.576323670171482783e-02
-7.959793657762714858e-02
7.114651228609624768e-03
2.425849625638355246e-03
8.482704410763340641e-03
1.463364983673655264e-04
-4.141093651745874488e-02
9.257113568861304390e-03
-6.638347967655712674e-03
-6.318770794621365872e-02
3.664517337428446764e-02
-7.690477744248546722e-03
7.824004091649306054e-04
6.499173139081466932e-02
9.180078187220428454e-01
1.485714285762149478e+00